1.000000000000000000e+00
1.000000000000000000e+00
1.000000000000000000e+00
9.399999999999999467e-01
0.000000000000000000e+00
8.599999999999999867e-01
0.000000000000000000e+00
1.000000000000000000e+00
1.000000000000000000e+00
0.000000000000000000e+00
9.200000000000000400e-01
0.000000000000000000e+00
9.150000000000000355e-01
0.000000000000000000e+00
9.100000000000000311e-01
0.000000000000000000e+00
9.200000000000000400e-01
0.000000000000000000e+00
9.000000000000000222e-01
0.000000000000000000e+00
1.000000000000000000e+00
0.000000000000000000e+00
