9.999000000000000000e+03
9.999000000000000000e+03
9.999000000000000000e+03
9.999000000000000000e+03
5.000000000000000000e-01
9.999000000000000000e+03
5.000000000000000000e-01
1.000000000000000056e-01
1.000000000000000056e-01
3.000000000000000000e+00
9.999000000000000000e+03
5.000000000000000000e-01
9.999000000000000000e+03
5.000000000000000000e-01
9.999000000000000000e+03
5.000000000000000000e-01
9.999000000000000000e+03
5.000000000000000000e-01
9.999000000000000000e+03
5.000000000000000000e-01
1.000000000000000000e+01
1.000000000000000000e+00
