0.000000000000000000e+00
0.000000000000000000e+00
0.000000000000000000e+00
0.000000000000000000e+00
8.000000000000000167e-02
0.000000000000000000e+00
5.000000000000000278e-02
0.000000000000000000e+00
0.000000000000000000e+00
0.000000000000000000e+00
0.000000000000000000e+00
5.000000000000000278e-02
0.000000000000000000e+00
5.500000000000000028e-02
0.000000000000000000e+00
5.999999999999999778e-02
0.000000000000000000e+00
6.500000000000000222e-02
0.000000000000000000e+00
7.000000000000000666e-02
1.000000000000000000e+00
0.000000000000000000e+00
